1 1989-05-24T12  68.000  95.000    5.0
1 1989-05-24T12  68.055  94.995    5.0
1 1989-05-24T12  68.110  94.990    5.0
1 1989-05-24T12  68.165  94.985    5.0
1 1989-05-24T12  68.220  94.980    5.0
1 1989-05-24T12  68.275  94.975    5.0
1 1989-05-24T12  68.330  94.970    5.0
1 1989-05-24T12  68.385  94.965    5.0
1 1989-05-24T12  68.440  94.960    5.0
1 1989-05-24T12  68.495  94.955    5.0
1 1989-05-24T12  68.551  94.950    5.0
1 1989-05-24T12  68.606  94.945    5.0
1 1989-05-24T12  68.661  94.940    5.0
1 1989-05-24T12  68.716  94.935    5.0
1 1989-05-24T12  68.771  94.930    5.0
1 1989-05-24T12  68.826  94.925    5.0
1 1989-05-24T12  68.881  94.920    5.0
1 1989-05-24T12  68.936  94.915    5.0
1 1989-05-24T12  68.991  94.910    5.0
1 1989-05-24T12  69.046  94.905    5.0
1 1989-05-24T12  69.101  94.900    5.0
1 1989-05-24T12  69.156  94.895    5.0
1 1989-05-24T12  69.211  94.890    5.0
1 1989-05-24T12  69.266  94.885    5.0
1 1989-05-24T12  69.321  94.880    5.0
1 1989-05-24T12  69.376  94.875    5.0
1 1989-05-24T12  69.431  94.870    5.0
1 1989-05-24T12  69.486  94.865    5.0
1 1989-05-24T12  69.542  94.860    5.0
1 1989-05-24T12  69.597  94.855    5.0
1 1989-05-24T12  69.652  94.850    5.0
1 1989-05-24T12  69.707  94.845    5.0
1 1989-05-24T12  69.762  94.840    5.0
1 1989-05-24T12  69.817  94.835    5.0
1 1989-05-24T12  69.872  94.830    5.0
1 1989-05-24T12  69.927  94.825    5.0
1 1989-05-24T12  69.982  94.820    5.0
1 1989-05-24T12  70.037  94.815    5.0
1 1989-05-24T12  70.092  94.810    5.0
1 1989-05-24T12  70.147  94.805    5.0
1 1989-05-24T12  70.202  94.800    5.0
1 1989-05-24T12  70.257  94.795    5.0
1 1989-05-24T12  70.312  94.790    5.0
1 1989-05-24T12  70.367  94.785    5.0
1 1989-05-24T12  70.422  94.780    5.0
1 1989-05-24T12  70.477  94.775    5.0
1 1989-05-24T12  70.533  94.770    5.0
1 1989-05-24T12  70.588  94.765    5.0
1 1989-05-24T12  70.643  94.760    5.0
1 1989-05-24T12  70.698  94.755    5.0
1 1989-05-24T12  70.753  94.750    5.0
1 1989-05-24T12  70.808  94.745    5.0
1 1989-05-24T12  70.863  94.740    5.0
1 1989-05-24T12  70.918  94.735    5.0
1 1989-05-24T12  70.973  94.730    5.0
1 1989-05-24T12  71.028  94.725    5.0
1 1989-05-24T12  71.083  94.720    5.0
1 1989-05-24T12  71.138  94.715    5.0
1 1989-05-24T12  71.193  94.710    5.0
1 1989-05-24T12  71.248  94.705    5.0
1 1989-05-24T12  71.303  94.700    5.0
1 1989-05-24T12  71.358  94.695    5.0
1 1989-05-24T12  71.413  94.690    5.0
1 1989-05-24T12  71.468  94.685    5.0
1 1989-05-24T12  71.524  94.680    5.0
1 1989-05-24T12  71.579  94.675    5.0
1 1989-05-24T12  71.634  94.670    5.0
1 1989-05-24T12  71.689  94.665    5.0
1 1989-05-24T12  71.744  94.660    5.0
1 1989-05-24T12  71.799  94.655    5.0
1 1989-05-24T12  71.854  94.650    5.0
1 1989-05-24T12  71.909  94.645    5.0
1 1989-05-24T12  71.964  94.640    5.0
1 1989-05-24T12  72.019  94.635    5.0
1 1989-05-24T12  72.074  94.630    5.0
1 1989-05-24T12  72.129  94.625    5.0
1 1989-05-24T12  72.184  94.620    5.0
1 1989-05-24T12  72.239  94.615    5.0
1 1989-05-24T12  72.294  94.610    5.0
1 1989-05-24T12  72.349  94.605    5.0
1 1989-05-24T12  72.404  94.600    5.0
1 1989-05-24T12  72.459  94.595    5.0
1 1989-05-24T12  72.515  94.590    5.0
1 1989-05-24T12  72.570  94.585    5.0
1 1989-05-24T12  72.625  94.580    5.0
1 1989-05-24T12  72.680  94.575    5.0
1 1989-05-24T12  72.735  94.570    5.0
1 1989-05-24T12  72.790  94.565    5.0
1 1989-05-24T12  72.845  94.560    5.0
1 1989-05-24T12  72.900  94.555    5.0
1 1989-05-24T12  72.955  94.550    5.0
1 1989-05-24T12  73.010  94.545    5.0
1 1989-05-24T12  73.065  94.540    5.0
1 1989-05-24T12  73.120  94.535    5.0
1 1989-05-24T12  73.175  94.530    5.0
1 1989-05-24T12  73.230  94.525    5.0
1 1989-05-24T12  73.285  94.520    5.0
1 1989-05-24T12  73.340  94.515    5.0
1 1989-05-24T12  73.395  94.510    5.0
1 1989-05-24T12  73.450  94.505    5.0
1 1989-05-24T12  73.506  94.499    5.0
1 1989-05-24T12  73.561  94.494    5.0
1 1989-05-24T12  73.616  94.489    5.0
1 1989-05-24T12  73.671  94.484    5.0
1 1989-05-24T12  73.726  94.479    5.0
1 1989-05-24T12  73.781  94.474    5.0
1 1989-05-24T12  73.836  94.469    5.0
1 1989-05-24T12  73.891  94.464    5.0
1 1989-05-24T12  73.946  94.459    5.0
1 1989-05-24T12  74.001  94.454    5.0
1 1989-05-24T12  74.056  94.449    5.0
1 1989-05-24T12  74.111  94.444    5.0
1 1989-05-24T12  74.166  94.439    5.0
1 1989-05-24T12  74.221  94.434    5.0
1 1989-05-24T12  74.276  94.429    5.0
1 1989-05-24T12  74.331  94.424    5.0
1 1989-05-24T12  74.386  94.419    5.0
1 1989-05-24T12  74.441  94.414    5.0
1 1989-05-24T12  74.496  94.409    5.0
1 1989-05-24T12  74.552  94.404    5.0
1 1989-05-24T12  74.607  94.399    5.0
1 1989-05-24T12  74.662  94.394    5.0
1 1989-05-24T12  74.717  94.389    5.0
1 1989-05-24T12  74.772  94.384    5.0
1 1989-05-24T12  74.827  94.379    5.0
1 1989-05-24T12  74.882  94.374    5.0
1 1989-05-24T12  74.937  94.369    5.0
1 1989-05-24T12  74.992  94.364    5.0
1 1989-05-24T12  75.047  94.359    5.0
1 1989-05-24T12  75.102  94.354    5.0
1 1989-05-24T12  75.157  94.349    5.0
1 1989-05-24T12  75.212  94.344    5.0
1 1989-05-24T12  75.267  94.339    5.0
1 1989-05-24T12  75.322  94.334    5.0
1 1989-05-24T12  75.377  94.329    5.0
1 1989-05-24T12  75.432  94.324    5.0
1 1989-05-24T12  75.487  94.319    5.0
1 1989-05-24T12  75.543  94.314    5.0
1 1989-05-24T12  75.598  94.309    5.0
1 1989-05-24T12  75.653  94.304    5.0
1 1989-05-24T12  75.708  94.299    5.0
1 1989-05-24T12  75.763  94.294    5.0
1 1989-05-24T12  75.818  94.289    5.0
1 1989-05-24T12  75.873  94.284    5.0
1 1989-05-24T12  75.928  94.279    5.0
1 1989-05-24T12  75.983  94.274    5.0
1 1989-05-24T12  76.038  94.269    5.0
1 1989-05-24T12  76.093  94.264    5.0
1 1989-05-24T12  76.148  94.259    5.0
1 1989-05-24T12  76.203  94.254    5.0
1 1989-05-24T12  76.258  94.249    5.0
1 1989-05-24T12  76.313  94.244    5.0
1 1989-05-24T12  76.368  94.239    5.0
1 1989-05-24T12  76.423  94.234    5.0
1 1989-05-24T12  76.478  94.229    5.0
1 1989-05-24T12  76.534  94.224    5.0
1 1989-05-24T12  76.589  94.219    5.0
1 1989-05-24T12  76.644  94.214    5.0
1 1989-05-24T12  76.699  94.209    5.0
1 1989-05-24T12  76.754  94.204    5.0
1 1989-05-24T12  76.809  94.199    5.0
1 1989-05-24T12  76.864  94.194    5.0
1 1989-05-24T12  76.919  94.189    5.0
1 1989-05-24T12  76.974  94.184    5.0
1 1989-05-24T12  77.029  94.179    5.0
1 1989-05-24T12  77.084  94.174    5.0
1 1989-05-24T12  77.139  94.169    5.0
1 1989-05-24T12  77.194  94.164    5.0
1 1989-05-24T12  77.249  94.159    5.0
1 1989-05-24T12  77.304  94.154    5.0
1 1989-05-24T12  77.359  94.149    5.0
1 1989-05-24T12  77.414  94.144    5.0
1 1989-05-24T12  77.469  94.139    5.0
1 1989-05-24T12  77.525  94.134    5.0
1 1989-05-24T12  77.580  94.129    5.0
1 1989-05-24T12  77.635  94.124    5.0
1 1989-05-24T12  77.690  94.119    5.0
1 1989-05-24T12  77.745  94.114    5.0
1 1989-05-24T12  77.800  94.109    5.0
1 1989-05-24T12  77.855  94.104    5.0
1 1989-05-24T12  77.910  94.099    5.0
1 1989-05-24T12  77.965  94.094    5.0
1 1989-05-24T12  78.020  94.089    5.0
1 1989-05-24T12  78.075  94.084    5.0
1 1989-05-24T12  78.130  94.079    5.0
1 1989-05-24T12  78.185  94.074    5.0
1 1989-05-24T12  78.240  94.069    5.0
1 1989-05-24T12  78.295  94.064    5.0
1 1989-05-24T12  78.350  94.059    5.0
1 1989-05-24T12  78.405  94.054    5.0
1 1989-05-24T12  78.460  94.049    5.0
1 1989-05-24T12  78.516  94.044    5.0
1 1989-05-24T12  78.571  94.039    5.0
1 1989-05-24T12  78.626  94.034    5.0
1 1989-05-24T12  78.681  94.029    5.0
1 1989-05-24T12  78.736  94.024    5.0
1 1989-05-24T12  78.791  94.019    5.0
1 1989-05-24T12  78.846  94.014    5.0
1 1989-05-24T12  78.901  94.009    5.0
1 1989-05-24T12  78.956  94.004    5.0
1 1989-05-24T12  79.011  93.999    5.0
1 1989-05-24T12  79.066  93.994    5.0
1 1989-05-24T12  79.121  93.989    5.0
1 1989-05-24T12  79.176  93.984    5.0
1 1989-05-24T12  79.231  93.979    5.0
1 1989-05-24T12  79.286  93.974    5.0
1 1989-05-24T12  79.341  93.969    5.0
1 1989-05-24T12  79.396  93.964    5.0
1 1989-05-24T12  79.451  93.959    5.0
1 1989-05-24T12  79.507  93.954    5.0
1 1989-05-24T12  79.562  93.949    5.0
1 1989-05-24T12  79.617  93.944    5.0
1 1989-05-24T12  79.672  93.939    5.0
1 1989-05-24T12  79.727  93.934    5.0
1 1989-05-24T12  79.782  93.929    5.0
1 1989-05-24T12  79.837  93.924    5.0
1 1989-05-24T12  79.892  93.919    5.0
1 1989-05-24T12  79.947  93.914    5.0
1 1989-05-24T12  80.002  93.909    5.0
1 1989-05-24T12  80.057  93.904    5.0
1 1989-05-24T12  80.112  93.899    5.0
1 1989-05-24T12  80.167  93.894    5.0
1 1989-05-24T12  80.222  93.889    5.0
1 1989-05-24T12  80.277  93.884    5.0
1 1989-05-24T12  80.332  93.879    5.0
1 1989-05-24T12  80.387  93.874    5.0
1 1989-05-24T12  80.442  93.869    5.0
1 1989-05-24T12  80.497  93.864    5.0
1 1989-05-24T12  80.553  93.859    5.0
1 1989-05-24T12  80.608  93.854    5.0
1 1989-05-24T12  80.663  93.849    5.0
1 1989-05-24T12  80.718  93.844    5.0
1 1989-05-24T12  80.773  93.839    5.0
1 1989-05-24T12  80.828  93.834    5.0
1 1989-05-24T12  80.883  93.829    5.0
1 1989-05-24T12  80.938  93.824    5.0
1 1989-05-24T12  80.993  93.819    5.0
1 1989-05-24T12  81.048  93.814    5.0
1 1989-05-24T12  81.103  93.809    5.0
1 1989-05-24T12  81.158  93.804    5.0
1 1989-05-24T12  81.213  93.799    5.0
1 1989-05-24T12  81.268  93.794    5.0
1 1989-05-24T12  81.323  93.789    5.0
1 1989-05-24T12  81.378  93.784    5.0
1 1989-05-24T12  81.433  93.779    5.0
1 1989-05-24T12  81.488  93.774    5.0
1 1989-05-24T12  81.544  93.769    5.0
1 1989-05-24T12  81.599  93.764    5.0
1 1989-05-24T12  81.654  93.759    5.0
1 1989-05-24T12  81.709  93.754    5.0
1 1989-05-24T12  81.764  93.749    5.0
1 1989-05-24T12  81.819  93.744    5.0
1 1989-05-24T12  81.874  93.739    5.0
1 1989-05-24T12  81.929  93.734    5.0
1 1989-05-24T12  81.984  93.729    5.0
1 1989-05-24T12  82.039  93.724    5.0
1 1989-05-24T12  82.094  93.719    5.0
1 1989-05-24T12  82.149  93.714    5.0
1 1989-05-24T12  82.204  93.709    5.0
1 1989-05-24T12  82.259  93.704    5.0
1 1989-05-24T12  82.314  93.699    5.0
1 1989-05-24T12  82.369  93.694    5.0
1 1989-05-24T12  82.424  93.689    5.0
1 1989-05-24T12  82.479  93.684    5.0
1 1989-05-24T12  82.535  93.679    5.0
1 1989-05-24T12  82.590  93.674    5.0
1 1989-05-24T12  82.645  93.669    5.0
1 1989-05-24T12  82.700  93.664    5.0
1 1989-05-24T12  82.755  93.659    5.0
1 1989-05-24T12  82.810  93.654    5.0
1 1989-05-24T12  82.865  93.649    5.0
1 1989-05-24T12  82.920  93.644    5.0
1 1989-05-24T12  82.975  93.639    5.0
1 1989-05-24T12  83.030  93.634    5.0
1 1989-05-24T12  83.085  93.629    5.0
1 1989-05-24T12  83.140  93.624    5.0
1 1989-05-24T12  83.195  93.619    5.0
1 1989-05-24T12  83.250  93.614    5.0
1 1989-05-24T12  83.305  93.609    5.0
1 1989-05-24T12  83.360  93.604    5.0
1 1989-05-24T12  83.415  93.599    5.0
1 1989-05-24T12  83.470  93.594    5.0
1 1989-05-24T12  83.526  93.589    5.0
1 1989-05-24T12  83.581  93.584    5.0
1 1989-05-24T12  83.636  93.579    5.0
1 1989-05-24T12  83.691  93.574    5.0
1 1989-05-24T12  83.746  93.569    5.0
1 1989-05-24T12  83.801  93.564    5.0
1 1989-05-24T12  83.856  93.559    5.0
1 1989-05-24T12  83.911  93.554    5.0
1 1989-05-24T12  83.966  93.549    5.0
1 1989-05-24T12  84.021  93.544    5.0
1 1989-05-24T12  84.076  93.539    5.0
1 1989-05-24T12  84.131  93.534    5.0
1 1989-05-24T12  84.186  93.529    5.0
1 1989-05-24T12  84.241  93.524    5.0
1 1989-05-24T12  84.296  93.519    5.0
1 1989-05-24T12  84.351  93.514    5.0
1 1989-05-24T12  84.406  93.509    5.0
1 1989-05-24T12  84.461  93.504    5.0
1 1989-05-24T12  84.517  93.498    5.0
1 1989-05-24T12  84.572  93.493    5.0
1 1989-05-24T12  84.627  93.488    5.0
1 1989-05-24T12  84.682  93.483    5.0
1 1989-05-24T12  84.737  93.478    5.0
1 1989-05-24T12  84.792  93.473    5.0
1 1989-05-24T12  84.847  93.468    5.0
1 1989-05-24T12  84.902  93.463    5.0
1 1989-05-24T12  84.957  93.458    5.0
1 1989-05-24T12  85.012  93.453    5.0
1 1989-05-24T12  85.067  93.448    5.0
1 1989-05-24T12  85.122  93.443    5.0
1 1989-05-24T12  85.177  93.438    5.0
1 1989-05-24T12  85.232  93.433    5.0
1 1989-05-24T12  85.287  93.428    5.0
1 1989-05-24T12  85.342  93.423    5.0
1 1989-05-24T12  85.397  93.418    5.0
1 1989-05-24T12  85.452  93.413    5.0
1 1989-05-24T12  85.508  93.408    5.0
1 1989-05-24T12  85.563  93.403    5.0
1 1989-05-24T12  85.618  93.398    5.0
1 1989-05-24T12  85.673  93.393    5.0
1 1989-05-24T12  85.728  93.388    5.0
1 1989-05-24T12  85.783  93.383    5.0
1 1989-05-24T12  85.838  93.378    5.0
1 1989-05-24T12  85.893  93.373    5.0
1 1989-05-24T12  85.948  93.368    5.0
1 1989-05-24T12  86.003  93.363    5.0
1 1989-05-24T12  86.058  93.358    5.0
1 1989-05-24T12  86.113  93.353    5.0
1 1989-05-24T12  86.168  93.348    5.0
1 1989-05-24T12  86.223  93.343    5.0
1 1989-05-24T12  86.278  93.338    5.0
1 1989-05-24T12  86.333  93.333    5.0
1 1989-05-24T12  86.388  93.328    5.0
1 1989-05-24T12  86.443  93.323    5.0
1 1989-05-24T12  86.498  93.318    5.0
1 1989-05-24T12  86.554  93.313    5.0
1 1989-05-24T12  86.609  93.308    5.0
1 1989-05-24T12  86.664  93.303    5.0
1 1989-05-24T12  86.719  93.298    5.0
1 1989-05-24T12  86.774  93.293    5.0
1 1989-05-24T12  86.829  93.288    5.0
1 1989-05-24T12  86.884  93.283    5.0
1 1989-05-24T12  86.939  93.278    5.0
1 1989-05-24T12  86.994  93.273    5.0
1 1989-05-24T12  87.049  93.268    5.0
1 1989-05-24T12  87.104  93.263    5.0
1 1989-05-24T12  87.159  93.258    5.0
1 1989-05-24T12  87.214  93.253    5.0
1 1989-05-24T12  87.269  93.248    5.0
1 1989-05-24T12  87.324  93.243    5.0
1 1989-05-24T12  87.379  93.238    5.0
1 1989-05-24T12  87.434  93.233    5.0
1 1989-05-24T12  87.489  93.228    5.0
1 1989-05-24T12  87.545  93.223    5.0
1 1989-05-24T12  87.600  93.218    5.0
1 1989-05-24T12  87.655  93.213    5.0
1 1989-05-24T12  87.710  93.208    5.0
1 1989-05-24T12  87.765  93.203    5.0
1 1989-05-24T12  87.820  93.198    5.0
1 1989-05-24T12  87.875  93.193    5.0
1 1989-05-24T12  87.930  93.188    5.0
1 1989-05-24T12  87.985  93.183    5.0
1 1989-05-24T12  88.040  93.178    5.0
1 1989-05-24T12  88.095  93.173    5.0
1 1989-05-24T12  88.150  93.168    5.0
1 1989-05-24T12  88.205  93.163    5.0
1 1989-05-24T12  88.260  93.158    5.0
1 1989-05-24T12  88.315  93.153    5.0
1 1989-05-24T12  88.370  93.148    5.0
1 1989-05-24T12  88.425  93.143    5.0
1 1989-05-24T12  88.480  93.138    5.0
1 1989-05-24T12  88.536  93.133    5.0
1 1989-05-24T12  88.591  93.128    5.0
1 1989-05-24T12  88.646  93.123    5.0
1 1989-05-24T12  88.701  93.118    5.0
1 1989-05-24T12  88.756  93.113    5.0
1 1989-05-24T12  88.811  93.108    5.0
1 1989-05-24T12  88.866  93.103    5.0
1 1989-05-24T12  88.921  93.098    5.0
1 1989-05-24T12  88.976  93.093    5.0
1 1989-05-24T12  89.031  93.088    5.0
1 1989-05-24T12  89.086  93.083    5.0
1 1989-05-24T12  89.141  93.078    5.0
1 1989-05-24T12  89.196  93.073    5.0
1 1989-05-24T12  89.251  93.068    5.0
1 1989-05-24T12  89.306  93.063    5.0
1 1989-05-24T12  89.361  93.058    5.0
1 1989-05-24T12  89.416  93.053    5.0
1 1989-05-24T12  89.471  93.048    5.0
1 1989-05-24T12  89.527  93.043    5.0
1 1989-05-24T12  89.582  93.038    5.0
1 1989-05-24T12  89.637  93.033    5.0
1 1989-05-24T12  89.692  93.028    5.0
1 1989-05-24T12  89.747  93.023    5.0
1 1989-05-24T12  89.802  93.018    5.0
1 1989-05-24T12  89.857  93.013    5.0
1 1989-05-24T12  89.912  93.008    5.0
1 1989-05-24T12  89.967  93.003    5.0
1 1989-05-24T12  90.022  92.998    5.0
1 1989-05-24T12  90.077  92.993    5.0
1 1989-05-24T12  90.132  92.988    5.0
1 1989-05-24T12  90.187  92.983    5.0
1 1989-05-24T12  90.242  92.978    5.0
1 1989-05-24T12  90.297  92.973    5.0
1 1989-05-24T12  90.352  92.968    5.0
1 1989-05-24T12  90.407  92.963    5.0
1 1989-05-24T12  90.462  92.958    5.0
1 1989-05-24T12  90.518  92.953    5.0
1 1989-05-24T12  90.573  92.948    5.0
1 1989-05-24T12  90.628  92.943    5.0
1 1989-05-24T12  90.683  92.938    5.0
1 1989-05-24T12  90.738  92.933    5.0
1 1989-05-24T12  90.793  92.928    5.0
1 1989-05-24T12  90.848  92.923    5.0
1 1989-05-24T12  90.903  92.918    5.0
1 1989-05-24T12  90.958  92.913    5.0
1 1989-05-24T12  91.013  92.908    5.0
1 1989-05-24T12  91.068  92.903    5.0
1 1989-05-24T12  91.123  92.898    5.0
1 1989-05-24T12  91.178  92.893    5.0
1 1989-05-24T12  91.233  92.888    5.0
1 1989-05-24T12  91.288  92.883    5.0
1 1989-05-24T12  91.343  92.878    5.0
1 1989-05-24T12  91.398  92.873    5.0
1 1989-05-24T12  91.453  92.868    5.0
1 1989-05-24T12  91.509  92.863    5.0
1 1989-05-24T12  91.564  92.858    5.0
1 1989-05-24T12  91.619  92.853    5.0
1 1989-05-24T12  91.674  92.848    5.0
1 1989-05-24T12  91.729  92.843    5.0
1 1989-05-24T12  91.784  92.838    5.0
1 1989-05-24T12  91.839  92.833    5.0
1 1989-05-24T12  91.894  92.828    5.0
1 1989-05-24T12  91.949  92.823    5.0
1 1989-05-24T12  92.004  92.818    5.0
1 1989-05-24T12  92.059  92.813    5.0
1 1989-05-24T12  92.114  92.808    5.0
1 1989-05-24T12  92.169  92.803    5.0
1 1989-05-24T12  92.224  92.798    5.0
1 1989-05-24T12  92.279  92.793    5.0
1 1989-05-24T12  92.334  92.788    5.0
1 1989-05-24T12  92.389  92.783    5.0
1 1989-05-24T12  92.444  92.778    5.0
1 1989-05-24T12  92.499  92.773    5.0
1 1989-05-24T12  92.555  92.768    5.0
1 1989-05-24T12  92.610  92.763    5.0
1 1989-05-24T12  92.665  92.758    5.0
1 1989-05-24T12  92.720  92.753    5.0
1 1989-05-24T12  92.775  92.748    5.0
1 1989-05-24T12  92.830  92.743    5.0
1 1989-05-24T12  92.885  92.738    5.0
1 1989-05-24T12  92.940  92.733    5.0
1 1989-05-24T12  92.995  92.728    5.0
1 1989-05-24T12  93.050  92.723    5.0
1 1989-05-24T12  93.105  92.718    5.0
1 1989-05-24T12  93.160  92.713    5.0
1 1989-05-24T12  93.215  92.708    5.0
1 1989-05-24T12  93.270  92.703    5.0
1 1989-05-24T12  93.325  92.698    5.0
1 1989-05-24T12  93.380  92.693    5.0
1 1989-05-24T12  93.435  92.688    5.0
1 1989-05-24T12  93.490  92.683    5.0
1 1989-05-24T12  93.546  92.678    5.0
1 1989-05-24T12  93.601  92.673    5.0
1 1989-05-24T12  93.656  92.668    5.0
1 1989-05-24T12  93.711  92.663    5.0
1 1989-05-24T12  93.766  92.658    5.0
1 1989-05-24T12  93.821  92.653    5.0
1 1989-05-24T12  93.876  92.648    5.0
1 1989-05-24T12  93.931  92.643    5.0
1 1989-05-24T12  93.986  92.638    5.0
1 1989-05-24T12  94.041  92.633    5.0
1 1989-05-24T12  94.096  92.628    5.0
1 1989-05-24T12  94.151  92.623    5.0
1 1989-05-24T12  94.206  92.618    5.0
1 1989-05-24T12  94.261  92.613    5.0
1 1989-05-24T12  94.316  92.608    5.0
1 1989-05-24T12  94.371  92.603    5.0
1 1989-05-24T12  94.426  92.598    5.0
1 1989-05-24T12  94.481  92.593    5.0
1 1989-05-24T12  94.537  92.588    5.0
1 1989-05-24T12  94.592  92.583    5.0
1 1989-05-24T12  94.647  92.578    5.0
1 1989-05-24T12  94.702  92.573    5.0
1 1989-05-24T12  94.757  92.568    5.0
1 1989-05-24T12  94.812  92.563    5.0
1 1989-05-24T12  94.867  92.558    5.0
1 1989-05-24T12  94.922  92.553    5.0
1 1989-05-24T12  94.977  92.548    5.0
1 1989-05-24T12  95.032  92.543    5.0
1 1989-05-24T12  95.087  92.538    5.0
1 1989-05-24T12  95.142  92.533    5.0
1 1989-05-24T12  95.197  92.528    5.0
1 1989-05-24T12  95.252  92.523    5.0
1 1989-05-24T12  95.307  92.518    5.0
1 1989-05-24T12  95.362  92.513    5.0
1 1989-05-24T12  95.417  92.508    5.0
1 1989-05-24T12  95.472  92.503    5.0
1 1989-05-24T12  95.528  92.497    5.0
1 1989-05-24T12  95.583  92.492    5.0
1 1989-05-24T12  95.638  92.487    5.0
1 1989-05-24T12  95.693  92.482    5.0
1 1989-05-24T12  95.748  92.477    5.0
1 1989-05-24T12  95.803  92.472    5.0
1 1989-05-24T12  95.858  92.467    5.0
1 1989-05-24T12  95.913  92.462    5.0
1 1989-05-24T12  95.968  92.457    5.0
1 1989-05-24T12  96.023  92.452    5.0
1 1989-05-24T12  96.078  92.447    5.0
1 1989-05-24T12  96.133  92.442    5.0
1 1989-05-24T12  96.188  92.437    5.0
1 1989-05-24T12  96.243  92.432    5.0
1 1989-05-24T12  96.298  92.427    5.0
1 1989-05-24T12  96.353  92.422    5.0
1 1989-05-24T12  96.408  92.417    5.0
1 1989-05-24T12  96.463  92.412    5.0
1 1989-05-24T12  96.519  92.407    5.0
1 1989-05-24T12  96.574  92.402    5.0
1 1989-05-24T12  96.629  92.397    5.0
1 1989-05-24T12  96.684  92.392    5.0
1 1989-05-24T12  96.739  92.387    5.0
1 1989-05-24T12  96.794  92.382    5.0
1 1989-05-24T12  96.849  92.377    5.0
1 1989-05-24T12  96.904  92.372    5.0
1 1989-05-24T12  96.959  92.367    5.0
1 1989-05-24T12  97.014  92.362    5.0
1 1989-05-24T12  97.069  92.357    5.0
1 1989-05-24T12  97.124  92.352    5.0
1 1989-05-24T12  97.179  92.347    5.0
1 1989-05-24T12  97.234  92.342    5.0
1 1989-05-24T12  97.289  92.337    5.0
1 1989-05-24T12  97.344  92.332    5.0
1 1989-05-24T12  97.399  92.327    5.0
1 1989-05-24T12  97.454  92.322    5.0
1 1989-05-24T12  97.510  92.317    5.0
1 1989-05-24T12  97.565  92.312    5.0
1 1989-05-24T12  97.620  92.307    5.0
1 1989-05-24T12  97.675  92.302    5.0
1 1989-05-24T12  97.730  92.297    5.0
1 1989-05-24T12  97.785  92.292    5.0
1 1989-05-24T12  97.840  92.287    5.0
1 1989-05-24T12  97.895  92.282    5.0
1 1989-05-24T12  97.950  92.277    5.0
1 1989-05-24T12  98.005  92.272    5.0
1 1989-05-24T12  98.060  92.267    5.0
1 1989-05-24T12  98.115  92.262    5.0
1 1989-05-24T12  98.170  92.257    5.0
1 1989-05-24T12  98.225  92.252    5.0
1 1989-05-24T12  98.280  92.247    5.0
1 1989-05-24T12  98.335  92.242    5.0
1 1989-05-24T12  98.390  92.237    5.0
1 1989-05-24T12  98.445  92.232    5.0
1 1989-05-24T12  98.501  92.227    5.0
1 1989-05-24T12  98.556  92.222    5.0
1 1989-05-24T12  98.611  92.217    5.0
1 1989-05-24T12  98.666  92.212    5.0
1 1989-05-24T12  98.721  92.207    5.0
1 1989-05-24T12  98.776  92.202    5.0
1 1989-05-24T12  98.831  92.197    5.0
1 1989-05-24T12  98.886  92.192    5.0
1 1989-05-24T12  98.941  92.187    5.0
1 1989-05-24T12  98.996  92.182    5.0
1 1989-05-24T12  99.051  92.177    5.0
1 1989-05-24T12  99.106  92.172    5.0
1 1989-05-24T12  99.161  92.167    5.0
1 1989-05-24T12  99.216  92.162    5.0
1 1989-05-24T12  99.271  92.157    5.0
1 1989-05-24T12  99.326  92.152    5.0
1 1989-05-24T12  99.381  92.147    5.0
1 1989-05-24T12  99.436  92.142    5.0
1 1989-05-24T12  99.491  92.137    5.0
1 1989-05-24T12  99.547  92.132    5.0
1 1989-05-24T12  99.602  92.127    5.0
1 1989-05-24T12  99.657  92.122    5.0
1 1989-05-24T12  99.712  92.117    5.0
1 1989-05-24T12  99.767  92.112    5.0
1 1989-05-24T12  99.822  92.107    5.0
1 1989-05-24T12  99.877  92.102    5.0
1 1989-05-24T12  99.932  92.097    5.0
1 1989-05-24T12  99.987  92.092    5.0
1 1989-05-24T12 100.042  92.087    5.0
1 1989-05-24T12 100.097  92.082    5.0
1 1989-05-24T12 100.152  92.077    5.0
1 1989-05-24T12 100.207  92.072    5.0
1 1989-05-24T12 100.262  92.067    5.0
1 1989-05-24T12 100.317  92.062    5.0
1 1989-05-24T12 100.372  92.057    5.0
1 1989-05-24T12 100.427  92.052    5.0
1 1989-05-24T12 100.482  92.047    5.0
1 1989-05-24T12 100.538  92.042    5.0
1 1989-05-24T12 100.593  92.037    5.0
1 1989-05-24T12 100.648  92.032    5.0
1 1989-05-24T12 100.703  92.027    5.0
1 1989-05-24T12 100.758  92.022    5.0
1 1989-05-24T12 100.813  92.017    5.0
1 1989-05-24T12 100.868  92.012    5.0
1 1989-05-24T12 100.923  92.007    5.0
1 1989-05-24T12 100.978  92.002    5.0
1 1989-05-24T12 101.033  91.997    5.0
1 1989-05-24T12 101.088  91.992    5.0
1 1989-05-24T12 101.143  91.987    5.0
1 1989-05-24T12 101.198  91.982    5.0
1 1989-05-24T12 101.253  91.977    5.0
1 1989-05-24T12 101.308  91.972    5.0
1 1989-05-24T12 101.363  91.967    5.0
1 1989-05-24T12 101.418  91.962    5.0
1 1989-05-24T12 101.473  91.957    5.0
1 1989-05-24T12 101.529  91.952    5.0
1 1989-05-24T12 101.584  91.947    5.0
1 1989-05-24T12 101.639  91.942    5.0
1 1989-05-24T12 101.694  91.937    5.0
1 1989-05-24T12 101.749  91.932    5.0
1 1989-05-24T12 101.804  91.927    5.0
1 1989-05-24T12 101.859  91.922    5.0
1 1989-05-24T12 101.914  91.917    5.0
1 1989-05-24T12 101.969  91.912    5.0
1 1989-05-24T12 102.024  91.907    5.0
1 1989-05-24T12 102.079  91.902    5.0
1 1989-05-24T12 102.134  91.897    5.0
1 1989-05-24T12 102.189  91.892    5.0
1 1989-05-24T12 102.244  91.887    5.0
1 1989-05-24T12 102.299  91.882    5.0
1 1989-05-24T12 102.354  91.877    5.0
1 1989-05-24T12 102.409  91.872    5.0
1 1989-05-24T12 102.464  91.867    5.0
1 1989-05-24T12 102.520  91.862    5.0
1 1989-05-24T12 102.575  91.857    5.0
1 1989-05-24T12 102.630  91.852    5.0
1 1989-05-24T12 102.685  91.847    5.0
1 1989-05-24T12 102.740  91.842    5.0
1 1989-05-24T12 102.795  91.837    5.0
1 1989-05-24T12 102.850  91.832    5.0
1 1989-05-24T12 102.905  91.827    5.0
1 1989-05-24T12 102.960  91.822    5.0
1 1989-05-24T12 103.015  91.817    5.0
1 1989-05-24T12 103.070  91.812    5.0
1 1989-05-24T12 103.125  91.807    5.0
1 1989-05-24T12 103.180  91.802    5.0
1 1989-05-24T12 103.235  91.797    5.0
1 1989-05-24T12 103.290  91.792    5.0
1 1989-05-24T12 103.345  91.787    5.0
1 1989-05-24T12 103.400  91.782    5.0
1 1989-05-24T12 103.455  91.777    5.0
1 1989-05-24T12 103.511  91.772    5.0
1 1989-05-24T12 103.566  91.767    5.0
1 1989-05-24T12 103.621  91.762    5.0
1 1989-05-24T12 103.676  91.757    5.0
1 1989-05-24T12 103.731  91.752    5.0
1 1989-05-24T12 103.786  91.747    5.0
1 1989-05-24T12 103.841  91.742    5.0
1 1989-05-24T12 103.896  91.737    5.0
1 1989-05-24T12 103.951  91.732    5.0
1 1989-05-24T12 104.006  91.727    5.0
1 1989-05-24T12 104.061  91.722    5.0
1 1989-05-24T12 104.116  91.717    5.0
1 1989-05-24T12 104.171  91.712    5.0
1 1989-05-24T12 104.226  91.707    5.0
1 1989-05-24T12 104.281  91.702    5.0
1 1989-05-24T12 104.336  91.697    5.0
1 1989-05-24T12 104.391  91.692    5.0
1 1989-05-24T12 104.446  91.687    5.0
1 1989-05-24T12 104.502  91.682    5.0
1 1989-05-24T12 104.557  91.677    5.0
1 1989-05-24T12 104.612  91.672    5.0
1 1989-05-24T12 104.667  91.667    5.0
1 1989-05-24T12 104.722  91.662    5.0
1 1989-05-24T12 104.777  91.657    5.0
1 1989-05-24T12 104.832  91.652    5.0
1 1989-05-24T12 104.887  91.647    5.0
1 1989-05-24T12 104.942  91.642    5.0
1 1989-05-24T12 104.997  91.637    5.0
1 1989-05-24T12 105.052  91.632    5.0
1 1989-05-24T12 105.107  91.627    5.0
1 1989-05-24T12 105.162  91.622    5.0
1 1989-05-24T12 105.217  91.617    5.0
1 1989-05-24T12 105.272  91.612    5.0
1 1989-05-24T12 105.327  91.607    5.0
1 1989-05-24T12 105.382  91.602    5.0
1 1989-05-24T12 105.437  91.597    5.0
1 1989-05-24T12 105.492  91.592    5.0
1 1989-05-24T12 105.548  91.587    5.0
1 1989-05-24T12 105.603  91.582    5.0
1 1989-05-24T12 105.658  91.577    5.0
1 1989-05-24T12 105.713  91.572    5.0
1 1989-05-24T12 105.768  91.567    5.0
1 1989-05-24T12 105.823  91.562    5.0
1 1989-05-24T12 105.878  91.557    5.0
1 1989-05-24T12 105.933  91.552    5.0
1 1989-05-24T12 105.988  91.547    5.0
1 1989-05-24T12 106.043  91.542    5.0
1 1989-05-24T12 106.098  91.537    5.0
1 1989-05-24T12 106.153  91.532    5.0
1 1989-05-24T12 106.208  91.527    5.0
1 1989-05-24T12 106.263  91.522    5.0
1 1989-05-24T12 106.318  91.517    5.0
1 1989-05-24T12 106.373  91.512    5.0
1 1989-05-24T12 106.428  91.507    5.0
1 1989-05-24T12 106.483  91.502    5.0
1 1989-05-24T12 106.539  91.496    5.0
1 1989-05-24T12 106.594  91.491    5.0
1 1989-05-24T12 106.649  91.486    5.0
1 1989-05-24T12 106.704  91.481    5.0
1 1989-05-24T12 106.759  91.476    5.0
1 1989-05-24T12 106.814  91.471    5.0
1 1989-05-24T12 106.869  91.466    5.0
1 1989-05-24T12 106.924  91.461    5.0
1 1989-05-24T12 106.979  91.456    5.0
1 1989-05-24T12 107.034  91.451    5.0
1 1989-05-24T12 107.089  91.446    5.0
1 1989-05-24T12 107.144  91.441    5.0
1 1989-05-24T12 107.199  91.436    5.0
1 1989-05-24T12 107.254  91.431    5.0
1 1989-05-24T12 107.309  91.426    5.0
1 1989-05-24T12 107.364  91.421    5.0
1 1989-05-24T12 107.419  91.416    5.0
1 1989-05-24T12 107.474  91.411    5.0
1 1989-05-24T12 107.530  91.406    5.0
1 1989-05-24T12 107.585  91.401    5.0
1 1989-05-24T12 107.640  91.396    5.0
1 1989-05-24T12 107.695  91.391    5.0
1 1989-05-24T12 107.750  91.386    5.0
1 1989-05-24T12 107.805  91.381    5.0
1 1989-05-24T12 107.860  91.376    5.0
1 1989-05-24T12 107.915  91.371    5.0
1 1989-05-24T12 107.970  91.366    5.0
1 1989-05-24T12 108.025  91.361    5.0
1 1989-05-24T12 108.080  91.356    5.0
1 1989-05-24T12 108.135  91.351    5.0
1 1989-05-24T12 108.190  91.346    5.0
1 1989-05-24T12 108.245  91.341    5.0
1 1989-05-24T12 108.300  91.336    5.0
1 1989-05-24T12 108.355  91.331    5.0
1 1989-05-24T12 108.410  91.326    5.0
1 1989-05-24T12 108.465  91.321    5.0
1 1989-05-24T12 108.521  91.316    5.0
1 1989-05-24T12 108.576  91.311    5.0
1 1989-05-24T12 108.631  91.306    5.0
1 1989-05-24T12 108.686  91.301    5.0
1 1989-05-24T12 108.741  91.296    5.0
1 1989-05-24T12 108.796  91.291    5.0
1 1989-05-24T12 108.851  91.286    5.0
1 1989-05-24T12 108.906  91.281    5.0
1 1989-05-24T12 108.961  91.276    5.0
1 1989-05-24T12 109.016  91.271    5.0
1 1989-05-24T12 109.071  91.266    5.0
1 1989-05-24T12 109.126  91.261    5.0
1 1989-05-24T12 109.181  91.256    5.0
1 1989-05-24T12 109.236  91.251    5.0
1 1989-05-24T12 109.291  91.246    5.0
1 1989-05-24T12 109.346  91.241    5.0
1 1989-05-24T12 109.401  91.236    5.0
1 1989-05-24T12 109.456  91.231    5.0
1 1989-05-24T12 109.512  91.226    5.0
1 1989-05-24T12 109.567  91.221    5.0
1 1989-05-24T12 109.622  91.216    5.0
1 1989-05-24T12 109.677  91.211    5.0
1 1989-05-24T12 109.732  91.206    5.0
1 1989-05-24T12 109.787  91.201    5.0
1 1989-05-24T12 109.842  91.196    5.0
1 1989-05-24T12 109.897  91.191    5.0
1 1989-05-24T12 109.952  91.186    5.0
1 1989-05-24T12 110.007  91.181    5.0
1 1989-05-24T12 110.062  91.176    5.0
1 1989-05-24T12 110.117  91.171    5.0
1 1989-05-24T12 110.172  91.166    5.0
1 1989-05-24T12 110.227  91.161    5.0
1 1989-05-24T12 110.282  91.156    5.0
1 1989-05-24T12 110.337  91.151    5.0
1 1989-05-24T12 110.392  91.146    5.0
1 1989-05-24T12 110.447  91.141    5.0
1 1989-05-24T12 110.503  91.136    5.0
1 1989-05-24T12 110.558  91.131    5.0
1 1989-05-24T12 110.613  91.126    5.0
1 1989-05-24T12 110.668  91.121    5.0
1 1989-05-24T12 110.723  91.116    5.0
1 1989-05-24T12 110.778  91.111    5.0
1 1989-05-24T12 110.833  91.106    5.0
1 1989-05-24T12 110.888  91.101    5.0
1 1989-05-24T12 110.943  91.096    5.0
1 1989-05-24T12 110.998  91.091    5.0
1 1989-05-24T12 111.053  91.086    5.0
1 1989-05-24T12 111.108  91.081    5.0
1 1989-05-24T12 111.163  91.076    5.0
1 1989-05-24T12 111.218  91.071    5.0
1 1989-05-24T12 111.273  91.066    5.0
1 1989-05-24T12 111.328  91.061    5.0
1 1989-05-24T12 111.383  91.056    5.0
1 1989-05-24T12 111.438  91.051    5.0
1 1989-05-24T12 111.493  91.046    5.0
1 1989-05-24T12 111.549  91.041    5.0
1 1989-05-24T12 111.604  91.036    5.0
1 1989-05-24T12 111.659  91.031    5.0
1 1989-05-24T12 111.714  91.026    5.0
1 1989-05-24T12 111.769  91.021    5.0
1 1989-05-24T12 111.824  91.016    5.0
1 1989-05-24T12 111.879  91.011    5.0
1 1989-05-24T12 111.934  91.006    5.0
1 1989-05-24T12 111.989  91.001    5.0
1 1989-05-24T12 112.044  90.996    5.0
1 1989-05-24T12 112.099  90.991    5.0
1 1989-05-24T12 112.154  90.986    5.0
1 1989-05-24T12 112.209  90.981    5.0
1 1989-05-24T12 112.264  90.976    5.0
1 1989-05-24T12 112.319  90.971    5.0
1 1989-05-24T12 112.374  90.966    5.0
1 1989-05-24T12 112.429  90.961    5.0
1 1989-05-24T12 112.484  90.956    5.0
1 1989-05-24T12 112.540  90.951    5.0
1 1989-05-24T12 112.595  90.946    5.0
1 1989-05-24T12 112.650  90.941    5.0
1 1989-05-24T12 112.705  90.936    5.0
1 1989-05-24T12 112.760  90.931    5.0
1 1989-05-24T12 112.815  90.926    5.0
1 1989-05-24T12 112.870  90.921    5.0
1 1989-05-24T12 112.925  90.916    5.0
1 1989-05-24T12 112.980  90.911    5.0
1 1989-05-24T12 113.035  90.906    5.0
1 1989-05-24T12 113.090  90.901    5.0
1 1989-05-24T12 113.145  90.896    5.0
1 1989-05-24T12 113.200  90.891    5.0
1 1989-05-24T12 113.255  90.886    5.0
1 1989-05-24T12 113.310  90.881    5.0
1 1989-05-24T12 113.365  90.876    5.0
1 1989-05-24T12 113.420  90.871    5.0
1 1989-05-24T12 113.475  90.866    5.0
1 1989-05-24T12 113.531  90.861    5.0
1 1989-05-24T12 113.586  90.856    5.0
1 1989-05-24T12 113.641  90.851    5.0
1 1989-05-24T12 113.696  90.846    5.0
1 1989-05-24T12 113.751  90.841    5.0
1 1989-05-24T12 113.806  90.836    5.0
1 1989-05-24T12 113.861  90.831    5.0
1 1989-05-24T12 113.916  90.826    5.0
1 1989-05-24T12 113.971  90.821    5.0
1 1989-05-24T12 114.026  90.816    5.0
1 1989-05-24T12 114.081  90.811    5.0
1 1989-05-24T12 114.136  90.806    5.0
1 1989-05-24T12 114.191  90.801    5.0
1 1989-05-24T12 114.246  90.796    5.0
1 1989-05-24T12 114.301  90.791    5.0
1 1989-05-24T12 114.356  90.786    5.0
1 1989-05-24T12 114.411  90.781    5.0
1 1989-05-24T12 114.466  90.776    5.0
1 1989-05-24T12 114.522  90.771    5.0
1 1989-05-24T12 114.577  90.766    5.0
1 1989-05-24T12 114.632  90.761    5.0
1 1989-05-24T12 114.687  90.756    5.0
1 1989-05-24T12 114.742  90.751    5.0
1 1989-05-24T12 114.797  90.746    5.0
1 1989-05-24T12 114.852  90.741    5.0
1 1989-05-24T12 114.907  90.736    5.0
1 1989-05-24T12 114.962  90.731    5.0
1 1989-05-24T12 115.017  90.726    5.0
1 1989-05-24T12 115.072  90.721    5.0
1 1989-05-24T12 115.127  90.716    5.0
1 1989-05-24T12 115.182  90.711    5.0
1 1989-05-24T12 115.237  90.706    5.0
1 1989-05-24T12 115.292  90.701    5.0
1 1989-05-24T12 115.347  90.696    5.0
1 1989-05-24T12 115.402  90.691    5.0
1 1989-05-24T12 115.457  90.686    5.0
1 1989-05-24T12 115.513  90.681    5.0
1 1989-05-24T12 115.568  90.676    5.0
1 1989-05-24T12 115.623  90.671    5.0
1 1989-05-24T12 115.678  90.666    5.0
1 1989-05-24T12 115.733  90.661    5.0
1 1989-05-24T12 115.788  90.656    5.0
1 1989-05-24T12 115.843  90.651    5.0
1 1989-05-24T12 115.898  90.646    5.0
1 1989-05-24T12 115.953  90.641    5.0
1 1989-05-24T12 116.008  90.636    5.0
1 1989-05-24T12 116.063  90.631    5.0
1 1989-05-24T12 116.118  90.626    5.0
1 1989-05-24T12 116.173  90.621    5.0
1 1989-05-24T12 116.228  90.616    5.0
1 1989-05-24T12 116.283  90.611    5.0
1 1989-05-24T12 116.338  90.606    5.0
1 1989-05-24T12 116.393  90.601    5.0
1 1989-05-24T12 116.448  90.596    5.0
1 1989-05-24T12 116.504  90.591    5.0
1 1989-05-24T12 116.559  90.586    5.0
1 1989-05-24T12 116.614  90.581    5.0
1 1989-05-24T12 116.669  90.576    5.0
1 1989-05-24T12 116.724  90.571    5.0
1 1989-05-24T12 116.779  90.566    5.0
1 1989-05-24T12 116.834  90.561    5.0
1 1989-05-24T12 116.889  90.556    5.0
1 1989-05-24T12 116.944  90.551    5.0
1 1989-05-24T12 116.999  90.546    5.0
1 1989-05-24T12 117.054  90.541    5.0
1 1989-05-24T12 117.109  90.536    5.0
1 1989-05-24T12 117.164  90.531    5.0
1 1989-05-24T12 117.219  90.526    5.0
1 1989-05-24T12 117.274  90.521    5.0
1 1989-05-24T12 117.329  90.516    5.0
1 1989-05-24T12 117.384  90.511    5.0
1 1989-05-24T12 117.439  90.506    5.0
1 1989-05-24T12 117.494  90.501    5.0
1 1989-05-24T12 117.550  90.495    5.0
1 1989-05-24T12 117.605  90.490    5.0
1 1989-05-24T12 117.660  90.485    5.0
1 1989-05-24T12 117.715  90.480    5.0
1 1989-05-24T12 117.770  90.475    5.0
1 1989-05-24T12 117.825  90.470    5.0
1 1989-05-24T12 117.880  90.465    5.0
1 1989-05-24T12 117.935  90.460    5.0
1 1989-05-24T12 117.990  90.455    5.0
1 1989-05-24T12 118.045  90.450    5.0
1 1989-05-24T12 118.100  90.445    5.0
1 1989-05-24T12 118.155  90.440    5.0
1 1989-05-24T12 118.210  90.435    5.0
1 1989-05-24T12 118.265  90.430    5.0
1 1989-05-24T12 118.320  90.425    5.0
1 1989-05-24T12 118.375  90.420    5.0
1 1989-05-24T12 118.430  90.415    5.0
1 1989-05-24T12 118.485  90.410    5.0
1 1989-05-24T12 118.541  90.405    5.0
1 1989-05-24T12 118.596  90.400    5.0
1 1989-05-24T12 118.651  90.395    5.0
1 1989-05-24T12 118.706  90.390    5.0
1 1989-05-24T12 118.761  90.385    5.0
1 1989-05-24T12 118.816  90.380    5.0
1 1989-05-24T12 118.871  90.375    5.0
1 1989-05-24T12 118.926  90.370    5.0
1 1989-05-24T12 118.981  90.365    5.0
1 1989-05-24T12 119.036  90.360    5.0
1 1989-05-24T12 119.091  90.355    5.0
1 1989-05-24T12 119.146  90.350    5.0
1 1989-05-24T12 119.201  90.345    5.0
1 1989-05-24T12 119.256  90.340    5.0
1 1989-05-24T12 119.311  90.335    5.0
1 1989-05-24T12 119.366  90.330    5.0
1 1989-05-24T12 119.421  90.325    5.0
1 1989-05-24T12 119.476  90.320    5.0
1 1989-05-24T12 119.532  90.315    5.0
1 1989-05-24T12 119.587  90.310    5.0
1 1989-05-24T12 119.642  90.305    5.0
1 1989-05-24T12 119.697  90.300    5.0
1 1989-05-24T12 119.752  90.295    5.0
1 1989-05-24T12 119.807  90.290    5.0
1 1989-05-24T12 119.862  90.285    5.0
1 1989-05-24T12 119.917  90.280    5.0
1 1989-05-24T12 119.972  90.275    5.0
1 1989-05-24T12 120.027  90.270    5.0
1 1989-05-24T12 120.082  90.265    5.0
1 1989-05-24T12 120.137  90.260    5.0
1 1989-05-24T12 120.192  90.255    5.0
1 1989-05-24T12 120.247  90.250    5.0
1 1989-05-24T12 120.302  90.245    5.0
1 1989-05-24T12 120.357  90.240    5.0
1 1989-05-24T12 120.412  90.235    5.0
1 1989-05-24T12 120.467  90.230    5.0
1 1989-05-24T12 120.523  90.225    5.0
1 1989-05-24T12 120.578  90.220    5.0
1 1989-05-24T12 120.633  90.215    5.0
1 1989-05-24T12 120.688  90.210    5.0
1 1989-05-24T12 120.743  90.205    5.0
1 1989-05-24T12 120.798  90.200    5.0
1 1989-05-24T12 120.853  90.195    5.0
1 1989-05-24T12 120.908  90.190    5.0
1 1989-05-24T12 120.963  90.185    5.0
1 1989-05-24T12 121.018  90.180    5.0
1 1989-05-24T12 121.073  90.175    5.0
1 1989-05-24T12 121.128  90.170    5.0
1 1989-05-24T12 121.183  90.165    5.0
1 1989-05-24T12 121.238  90.160    5.0
1 1989-05-24T12 121.293  90.155    5.0
1 1989-05-24T12 121.348  90.150    5.0
1 1989-05-24T12 121.403  90.145    5.0
1 1989-05-24T12 121.458  90.140    5.0
1 1989-05-24T12 121.514  90.135    5.0
1 1989-05-24T12 121.569  90.130    5.0
1 1989-05-24T12 121.624  90.125    5.0
1 1989-05-24T12 121.679  90.120    5.0
1 1989-05-24T12 121.734  90.115    5.0
1 1989-05-24T12 121.789  90.110    5.0
1 1989-05-24T12 121.844  90.105    5.0
1 1989-05-24T12 121.899  90.100    5.0
1 1989-05-24T12 121.954  90.095    5.0
1 1989-05-24T12 122.009  90.090    5.0
1 1989-05-24T12 122.064  90.085    5.0
1 1989-05-24T12 122.119  90.080    5.0
1 1989-05-24T12 122.174  90.075    5.0
1 1989-05-24T12 122.229  90.070    5.0
1 1989-05-24T12 122.284  90.065    5.0
1 1989-05-24T12 122.339  90.060    5.0
1 1989-05-24T12 122.394  90.055    5.0
1 1989-05-24T12 122.449  90.050    5.0
1 1989-05-24T12 122.505  90.045    5.0
1 1989-05-24T12 122.560  90.040    5.0
1 1989-05-24T12 122.615  90.035    5.0
1 1989-05-24T12 122.670  90.030    5.0
1 1989-05-24T12 122.725  90.025    5.0
1 1989-05-24T12 122.780  90.020    5.0
1 1989-05-24T12 122.835  90.015    5.0
1 1989-05-24T12 122.890  90.010    5.0
1 1989-05-24T12 122.945  90.005    5.0
1 1989-05-24T12 123.000  90.000    5.0
